1
2
3
4
5
7
8
11
13
14
16
19
22
23
24
25
26
27
28
29
31
32
33
35
36
37
38
42
43
44
45
48
49
51
52
56
58
59
60
61
62
63
64
65
66
67
68
69
70
71
72
73
74
75
76
77
78
81
82
83
84
86
88
89
90
94
96
98
100
101
104
107
108
109
110
112
113
114
116
117
121
122
123
127
129
131
132
135
136
137
139
140
141
142
143
144
145
147
148
149
155
156
157
158
159
160
162
163
168
171
173
174
176
179
180
181
182
183
184
185
188
189
191
192
195
199
200
202
203
205
206
208
209
215
216
218
227
228
229
230
232
233
234
240
242
246
247
249
253
255
256
257
258
261
263
264
265
266
268
269
270
272
274
275
277
278
279
282
283
284
285
287
289
295
296
297
298
299
300
301
302
303
305
307
308
312
315
316
318
319
320
321
322
323
326
328
329
331
332
333
334
335
336
337
338
340
342
343
347
348
354
358
360
361
362
364
365
366
368
372
373
375
377
378
379
382
383
384
390
391
393
398
400
401
402
404
406
407
409
410
411
412
413
415
419
420
424
425
427
428
429
430
433
434
435
436
438
439
441
442
445
448
450
455
456
457
459
461
467
470
472
473
474
482
483
486
495
496
501
502
504
506
507
508
510
511
513
515
516
517
519
521
522
523
524
526
527
528
529
530
531
532
534
535
536
537
538
541
542
545
546
549
551
552
554
556
557
558
559
562
564
566
567
568
569
570
571
573
574
577
578
579
580
581
583
586
587
588
589
591
594
595
598
599
600
602
603
604
605
619
622
623
629
632
633
634
635
640
641
642
644
645
647
648
649
650
652
658
660
661
664
666
668
672
673
674
675
676
678
681
683
684
687
690
692
693
694
696
697
698
701
705
707
708
709
710
712
713
714
716
719
721
726
727
728
729
731
732
733
734
736
738
739
740
741
742
743
744
745
746
747
749
750
752
753
754
757
758
759
764
766
767
768
769
770
772
776
777
778
779
780
781
782
786
787
789
790
791
794
797
799
801
804
805
807
812
813
814
815
816
818
823
825
827
828
829
831
833
834
835
836
837
838
839
841
842
843
844
846
847
852
853
854
856
857
858
859
860
862
863
864
865
867
869
874
875
876
877
878
879
881
883
886
888
889
890
891
892
896
897
899
900
902
903
904
905
908
910
911
913
914
915
916
918
923
924
929
930
931
932
933
934
936
938
941
947
949
950
952
953
954
955
956
957
958
959
961
962
964
967
968
970
971
972
973
975
976
977
978
980
981
984
985
989
992
993
996
997
998
1001
1004
1006
1007
1010
1012
1013
1014
1017
1019
1020
1021
1023
1024
1026
1028
1029
1031
1033
1035
1036
1042
1043
1044
1046
1047
1048
1049
1052
1056
1061
1065
1066
1067
1068
1069
1070
1071
1073
1075
1076
1077
1079
1080
1082
1084
1088
1089
1090
1091
1092
1094
1095
1101
1106
1108
1109
1112
1115
1116
1120
1122
1123
1125
1126
1128
1129
1130
1131
1132
1134
1138
1140
1141
1142
1143
1144
1146
1147
1148
1149
1150
1151
1152
1153
1157
1159
1160
1162
1164
1166
1167
1168
1169
1170
1171
1173
1174
1175
1176
1182
1183
1185
1186
1188
1190
1192
1193
1194
1195
1196
1199
1201
1202
1203
1205
1206
1207
1208
1210
1211
1212
1213
1219
1221
1223
1224
1226
1228
1229
1232
1233
1234
1236
1237
1238
1241
1242
1243
1248
1249
1250
1251
1252
1256
1257
1260
1261
1262
1263
1264
1267
1268
1272
1273
1276
1277
1279
1280
1282
1284
1286
1287
1290
1291
1292
1293
1294
1295
1296
1298
1301
1306
1307
1309
1310
1311
1313
1316
1318
1320
1323
1324
1326
1329
1332
1335
1336
1340
1342
1345
1346
1348
1349
1352
1353
1357
1358
1361
1362
1363
1364
1365
1366
1367
1369
1371
1373
1375
1377
1378
1380
1381
1386
1387
1389
1391
1395
1398
1400
1401
1403
1404
1406
1408
1410
1412
1414
1415
1416
1417
1418
1422
1424
1425
1430
1431
1432
1434
1436
1437
1439
1441
1442
1443
1445
1448
1449
1450
1454
1455
1456
1458
1460
1463
1464
1465
1467
1468
1469
1472
1475
1477
1480
1483
1484
1486
1487
1491
1497
1498
1499
1500
1504
1506
1507
1508
1510
1512
1514
1516
1517
1518
1519
1521
1522
1523
1524
1526
1527
1528
1529
1531
1532
1533
1534
1536
1537
1538
1542
1543
1544
1546
1548
1551
1552
1555
1559
1561
1562
1563
1565
1566
1567
1568
1569
1571
1572
1574
1575
1577
1579
1580
1581
1582
1583
1584
1585
1586
1587
1588
1590
1591
1594
1595
1596
1597
1599
1600
1601
1603
1604
1605
1606
1609
1613
1614
1618
1619
1620
1622
1623
1624
1626
1627
1628
1629
1633
1634
1635
1636
1638
1639
1641
1643
1648
1649
1653
1654
1657
1661
1663
1664
1665
1666
1668
1672
1674
1675
1676
1678
1679
1682
1683
1684
1685
1688
1689
1690
1691
1692
1693
1698
1699
1700
1704
1706
1708
1709
1711
1712
1713
1715
1717
1718
1719
1721
1722
1723
1724
1725
1726
1727
1729
1730
1732
1736
1737
1739
1740
1741
1742
1744
1745
1747
1748
1750
1752
1753
1755
1756
1757
1758
1760
1763
1764
1768
1770
1772
1773
1775
1776
1777
1778
1780
1785
1786
1788
1791
1792
1793
1794
1795
1796
1797
1798
1799
1801
1802
1804
1807
1808
1810
1811
1816
1817
1818
1819
1821
1822
1823
1824
1825
1830
1831
1833
1834
1836
1837
1839
1841
1843
1848
1849
1850
1853
1854
1858
1861
1863
1864
1865
1868
1869
1870
1872
1875
1876
1878
1881
1882
1884
1886
1887
1888
1890
1891
1892
1893
1896
1899
1900
1901
1902
1903
1904
1905
1907
1909
1911
1912
1913
1914
1916
1918
1920
1921
1922
1923
1924
1926
1927
1928
1929
1930
1931
1933
1934
1935
1936
1939
1940
1944
1945
1947
1948
1951
1954
1955
1956
1958
1959
1963
1964
1965
1966
1967
1968
1969
1970
1971
1976
1979
1980
1981
1987
1988
1989
1990
1992
1993
1994
1997
2000
2002
2003
2004
2005
2008
2009
2015
2017
2018
2019
2024
2026
2030
2033
2035
2038
2039
2040
2041
2043
2044
2045
2049
2050
2053
2054
2055
2057
2058
2059
2060
2063
2064
2065
2066
2068
2072
2073
2074
2076
2078
2080
2082
2083
2088
2089
2090
2092
2097
2099
2100
2102
2103
2104
2105
2106
2109
2110
2114
2116
2118
2119
2120
2121
2122
2123
2129
2130
2131
2134
2135
2136
2137
2138
2140
2141
2142
2143
2146
2147
2148
2150
2151
2152
2155
2157
2158
2160
2161
2163
2164
2165
2167
2168
2174
2180
2181
2183
2184
2185
2188
2189
2190
2192
2193
2196
2201
2202
2203
2206
2208
2210
2211
2213
2215
2216
2217
2218
2219
2220
2222
2223
2225
2227
2228
2229
2232
2234
2237
2238
2239
2242
2245
2250
2252
2253
2254
2255
2256
2257
2258
2260
2263
2264
2265
2266
2267
2270
2271
2276
2278
2279
2280
2282
2283
2289
2291
2292
2293
2294
2298
2300
2301
2302
2303
2308
2309
2310
2313
2315
2316
2317
2318
2320
2321
2324
2327
2329
2330
2331
2332
2333
2334
2336
2338
2340
2343
2344
2345
2346
2347
2351
2352
2353
2354
2356
2358
2361
2363
2364
2365
2366
2370
2371
2377
2378
2379
2382
2385
2386
2387
2388
2389
2390
2391
2393
2394
2395
2396
2402
2403
2405
2406
2407
2408
2410
2412
2417
2418
2419
2420
2421
2424
2426
2427
2428
2430
2431
2432
2434
2435
2437
2438
2439
2440
2441
2443
2444
2445
2446
2448
2450
2452
2453
2454
2457
2458
2459
2460
2461
2462
2463
2467
2469
2470
2472
2473
2481
2482
2484
2485
2488
2489
2490
2496
2499
2500
2502
2505
2507
2511
2512
2513
2514
2515
2517
2518
2520
2521
2523
2524
2525
2532
2533
2534
2536
2539
2540
2545
2547
2550
2551
2552
2557
2558
2559
2560
2561
2562
2564
2566
2568
2570
2572
2574
2577
2578
2579
2581
2584
2585
2587
2588
2589
2591
2593
2594
2595
2596
2597
2599
2600
2601
2602
2609
2611
2612
2613
2617
2618
2620
2622
2623
2624
2625
2629
2630
2632
2636
2637
2638
2639
2641
2642
2643
2646
2647
2649
2651
2652
2654
2655
2656
2657
2661
2665
2666
2668
2673
2675
2676
2677
2680
2682
2685
2687
2689
2692
2693
2696
2698
2699
2700
2701
2702
2706
2708
2709
2710
2711
2712
2714
2715
2716
2717
2720
2721
2723
2725
2726
2727
2729
2730
2731
2735
2736
2738
2740
2741
2743
2746
2750
2752
2753
2755
2759
2761
2763
2764
2766
2767
2770
2774
2775
2776
2777
2778
2779
2781
2785
2786
2787
2789
2790
2792
2793
2794
2798
2800
2801
2802
2805
2806
2808
2811
2813
2814
2815
2817
2818
2820
2821
2822
2825
2833
2835
2836
2837
2838
2839
2841
2842
2843
2844
2845
2848
2849
2850
2853
2854
2855
2857
2858
2860
2863
2864
2865
2866
2867
2871
2876
2877
2879
2880
2882
2883
2885
2887
2888
2889
2891
2894
2896
2905
2906
2908
2909
2912
2915
2917
2919
2922
2923
2924
2925
2927
2928
2930
2931
2932
2935
2936
2937
2939
2940
2944
2945
2946
2949
2950
2951
2954
2955
2956
2957
2959
2963
2965
2966
2967
2969
2970
2971
2974
2976
2979
2980
2981
2984
2987
2988
2989
2991
2992
2993
2994
2995
2996
2997
2998
2999
3000
3001
3002
3005
3007
3009
3011
3012
3016
3018
3019
3020
3021
3022
3024
3025
3026
3027
3028
3030
3035
3036
3037
3038
3040
3041
3043
3044
3045
3046
3048
3049
3050
3052
3053
3054
3056
3061
3065
3066
3067
3068
3070
3071
3075
3077
3078
3079
3081
3082
3088
3090
3092
3094
3099
3100
3101
3102
3103
3104
3108
3110
3111
3113
3115
3117
3118
3119
3121
3123
3124
3125
3126
3128
3130
3131
3133
3140
3148
3149
3151
3153
3155
3157
3158
3159
3162
3164
3168
3171
3173
3178
3180
3181
3183
3184
3187
3188
3189
3190
3191
3194
3195
3196
3199
3200
3201
3202
3203
3204
3206
3212
3213
3214
3217
3224
3225
3226
3228
3229
3230
3231
3232
3233
3234
3241
3247
3250
3251
3253
3254
3256
3257
3258
3259
3260
3265
3266
3267
3268
3269
3273
3274
3275
3279
3280
3281
3283
3287
3288
3289
3290
3291
3293
3294
3295
3296
3300
3301
3302
3303
3306
3307
3308
3310
3311
3312
3315
3316
3318
3322
3323
3326
3327
3328
3329
3330
3331
3332
3335
3336
3337
3339
3341
3342
3343
3344
3345
3346
3349
3350
3352
3353
3354
3357
3359
3362
3366
3370
3371
3372
3373
3374
3377
3378
3379
3381
3384
3386
3388
3389
3390
3391
3393
3394
3395
3397
3401
3404
3406
3407
3408
3412
3413
3414
3415
3422
3423
3424
3426
3427
3430
3431
3433
3435
3437
3439
3440
3442
3443
3444
3445
3448
3449
3450
3452
3453
3457
3460
3461
3462
3465
3466
3468
3469
3470
3471
3478
3479
3481
3486
3489
3490
3492
3493
3496
3497
3499
3500
3501
3505
3506
3507
3508
3511
3513
3514
3515
3516
3520
3522
3525
3527
3528
3529
3531
3532
3533
3536
3538
3541
3543
3545
3546
3548
3549
3551
3553
3554
3556
3558
3559
3560
3561
3562
3564
3567
3569
3570
3572
3575
3576
3579
3580
3584
3588
3590
3592
3593
3596
3600
3602
3603
3605
3608
3609
3611
3612
3614
3615
3616
3617
3623
3624
3625
3626
3630
3632
3634
3636
3639
3644
3645
3646
3647
3648
3654
3655
3657
3658
3659
3660
3661
3663
3665
3668
3669
3670
3671
3674
3675
3676
3677
3678
3680
3681
3682
3684
3689
3691
3695
3697
3699
3701
3702
3703
3705
3706
3710
3712
3716
3718
3720
3723
3724
3726
3728
3730
3731
3732
3735
3738
3740
3741
3743
3744
3745
3747
3749
3751
3753
3757
3759
3761
3766
3769
3770
3771
3772
3773
3775
3776
3777
3779
3780
3781
3782
3786
3788
3789
3791
3794
3797
3798
3801
3803
3806
3807
3808
3810
3811
3812
3816
3817
3818
3819
3820
3821
3822
3825
3826
3827
3829
3830
3833
3836
3837
3841
3842
3843
3846
3847
3849
3850
3852
3853
3855
3856
3857
3858
3860
3861
3862
3863
3864
3866
3871
3872
3873
3874
3875
3876
3877
3878
3879
3880
3881
3885
3886
3887
3889
3891
3892
3895
3897
3898
3904
3908
3910
3912
3913
3916
3919
3920
3921
3923
3925
3926
3931
3932
3933
3934
3935
3937
3938
3941
3942
3945
3946
3947
3948
3952
3953
3954
3958
3959
3960
3963
3964
3965
3966
3967
3968
3969
3970
3973
3975
3976
3977
3978
3980
3983
3984
3986
3987
3988
3990
3992
3993
3995
3996
3997
3998
4000
4001
4003
4004
4005
4007
4008
4010
4011
4013
4019
4021
4023
4026
4027
4030
4032
4037
4041
4043
4044
4045
4047
4052
4054
4055
4057
4058
4060
4061
4062
4064
4071
4072
4074
4076
4078
4079
4081
4082
4083
4084
4085
4086
4087
4089
4090
4091
4093
4095
4096
4099
4100
4101
4103
4105
4107
4108
4111
4112
4114
4115
4116
4122
4126
4127
4128
4129
4130
4131
4135
4137
4138
4141
4143
4146
4147
4148
4153
4154
4155
4157
4159
4160
4162
4163
4164
4171
4172
4173
4174
4175
4176
4177
4178
4179
4186
4187
4189
4196
4197
4199
4200
4201
4202
4203
4204
4211
4213
4215
4216
4217
4222
4223
4225
4226
4229
4231
4232
4236
4237
4239
4240
4241
4244
4245
4247
4248
4249
4251
4252
4257
4259
4260
4261
4263
4265
4268
4269
4271
4274
4275
4276
4279
4280
4281
4283
4284
4287
4288
4290
4291
4294
4296
4300
4302
4304
4305
4306
4310
4311
4313
4314
4316
4317
4318
4319
4321
4322
4323
4324
4325
4326
4328
4329
4330
4331
4332
4334
4341
4343
4345
4346
4349
4350
4351
4356
4358
4361
4362
4363
4364
4365
4372
4376
4377
4378
4380
4383
4385
4387
4388
4389
4390
4391
4392
4393
4398
4401
4402
4404
4406
4410
4411
4423
4426
4428
4429
4430
4433
4434
4435
4436
4437
4438
4441
4442
4444
4447
4448
4449
4450
4452
4457
4458
4459
4462
4463
4464
4465
4466
4468
4469
4470
4477
4479
4480
4481
4483
4485
4486
4488
4489
4490
4491
4493
4496
4497
4499
4501
4502
4504
4507
4508
4510
4511
4512
4513
4515
4516
4517
4519
4520
4521
4522
4525
4526
4527
4528
4529
4530
4533
4534
4536
4539
4540
4541
4545
4546
4547
4550
4551
4553
4555
4556
4558
4559
4560
4561
4563
4564
4566
4568
4571
4572
4573
4574
4575
4579
4580
4584
4585
4586
4588
4595
4597
4602
4608
4609
4610
4613
4614
4615
4617
4619
4623
4624
4625
4629
4630
4631
4632
4633
4634
4635
4636
4637
4640
4641
4642
4643
4644
4647
4650
4652
4654
4655
4657
4660
4661
4662
4664
4665
4667
4669
4670
4671
4672
4673
4674
4678
4679
4680
4682
4684
4685
4686
4687
4688
4689
4690
4691
4693
4694
4697
4699
4700
4701
4702
4703
4704
4706
4707
4708
4709
4711
4712
4715
4716
4717
4718
4720
4721
4722
4723
4724
4725
4726
4727
4728
4729
4731
4733
4734
4735
4736
4737
4738
4739
4742
4743
4744
4745
4746
4747
4748
4752
4756
4757
4758
4759
4763
4764
4766
4767
4768
4771
4772
4774
4775
4776
4780
4782
4783
4786
4790
4791
4793
4794
4796
4797
4800
4802
4803
4804
4805
4807
4808
4809
4810
4811
4814
4815
4816
4817
4818
4820
4821
4823
4824
4825
4826
4829
4831
4832
4833
4834
4836
4839
4842
4845
4846
4848
4849
4850
4851
4852
4853
4855
4858
4859
4860
4867
4870
4872
4875
4876
4878
4883
4885
4886
4891
4892
4893
4897
4898
4901
4905
4908
4909
4910
4911
4913
4914
4915
4917
4918
4921
4923
4924
4926
4927
4928
4929
4930
4931
4932
4933
4935
4936
4937
4938
4941
4942
4945
4947
4949
4950
4951
4953
4954
4955
4956
4957
4958
4959
4962
4963
4965
4966
4967
4969
4973
4974
4975
4981
4984
4991
4993
4994
4995
4996
5000
5002
5004
5006
5009
5010
5011
5012
5013
5014
5016
5017
5019
5021
5022
5023
5024
5026
5027
5028
5029
5030
5033
5034
5035
5037
5038
5039
5043
5044
5045
5047
5051
5052
5055
5056
5060
5062
5063
5064
5070
5071
5074
5077
5079
5082
5083
5085
5088
5090
5093
5094
5095
5097
5098
5100
5101
5102
5103
5105
5106
5107
5109
5116
5118
5119
5121
5122
5123
5128
5130
5132
5134
5135
5145
5147
5148
5149
5151
5154
5155
5156
5158
5161
5162
5165
5166
5167
5168
5169
5172
5173
5178
5180
5182
5183
5184
5186
5187
5188
5189
5191
5194
5195
5196
5200
5202
5204
5206
5207
5208
5209
5210
5211
5212
5213
5215
5216
5217
5218
5219
5221
5223
5224
5225
5226
5227
5229
5230
5231
5233
5234
5236
5237
5239
5240
5241
5242
5244
5245
5249
5250
5251
5252
5255
5256
5260
5261
5266
5269
5272
5273
5274
5276
5277
5278
5280
5281
5283
5284
5286
5288
5289
5290
5292
5293
5295
5296
5298
5299
5303
5304
5307
5309
5311
5312
5313
5315
5316
5317
5324
5326
5327
5328
5331
5332
5333
5334
5336
5339
5340
5343
5344
5347
5348
5350
5352
5353
5359
5360
5362
5363
5364
5365
5366
5367
5370
5371
5372
5373
5375
5376
5377
5378
5379
5381
5388
5389
5390
5391
5395
5396
5397
5398
5399
5403
5404
5406
5408
5409
5410
5411
5412
5413
5415
5421
5422
5423
5424
5427
5428
5433
5435
5436
5438
5441
5443
5444
5445
5447
5449
5450
5453
5455
5456
5458
5464
5465
5466
5467
5468
5469
5472
5474
5476
5477
5479
5480
5481
5482
5484
5488
5489
5490
5492
5493
5495
5496
5498
5499
5501
5503
5505
5506
5507
5509
5510
5512
5513
5515
5517
5521
5524
5525
5527
5528
5529
5530
5533
5535
5536
5538
5542
5543
5547
5548
5549
5551
5552
5553
5554
5558
5559
5560
5564
5565
5566
5567
5569
5570
5571
5572
5573
5574
5577
5579
5580
5581
5582
5585
5587
5588
5589
5590
5595
5596
5598
5601
5602
5603
5606
5608
5609
5611
5618
5621
5622
5623
5626
5629
5631
5632
5633
5636
5637
5639
5642
5645
5646
5647
5650
5653
5654
5656
5658
5662
5663
5664
5665
5666
5667
5669
5675
5677
5678
5680
5685
5686
5687
5689
5692
5694
5695
5698
5700
5701
5702
5705
5709
5710
5712
5713
5714
5716
5717
5718
5722
5723
5727
5730
5733
5735
5740
5741
5742
5743
5744
5745
5746
5747
5748
5749
5750
5752
5753
5754
5755
5758
5760
5762
5763
5764
5766
5768
5772
5773
5774
5775
5777
5778
5787
5788
5789
5791
5792
5795
5796
5798
5800
5803
5805
5807
5808
5809
5810
5814
5815
5817
5818
5819
5821
5822
5823
5824
5825
5826
5833
5834
5836
5840
5841
5842
5843
5846
5849
5850
5852
5853
5858
5861
5864
5868
5870
5872
5873
5874
5875
5879
5880
5881
5882
5884
5888
5892
5893
5895
5896
5897
5898
5899
5900
5904
5905
5907
5910
5912
5914
5915
5916
5918
5919
5920
5922
5923
5925
5926
5927
5929
5930
5931
5935
5938
5940
5941
5946
5947
5948
5949
5950
5951
5952
5953
5958
5959
5961
5962
5963
5965
5966
5968
5969
5971
5973
5975
5976
5980
5981
5982
5983
5984
5985
5987
5988
5990
5991
5992
5993
5997
5998
6001
6002
6003
6005
6006
6008
6010
6012
6013
6014
6015
6018
6019
6020
6021
6026
6027
6028
6029
6030
6032
6034
6036
6037
6039
6041
6042
6043
6044
6048
6049
6051
6053
6054
6056
6057
6058
6059
6061
6068
6070
6071
6072
6074
6075
6078
6079
6080
6082
6083
6085
6086
6087
6089
6091
6092
6093
6094
6095
6096
6097
6098
6099
6100
6101
6102
6103
6104
6108
6109
6111
6114
6115
6117
6120
6121
6122
6125
6126
6127
6130
6134
6136
6138
6139
6141
6143
6144
6145
6146
6147
6148
6151
6152
6157
6159
6162
6164
6165
6167
6168
6171
6176
6178
6180
6182
6185
6186
6187
6189
6190
6193
6194
6196
6197
6198
6200
6201
6203
6204
6205
6207
6209
6210
6213
6215
6216
6217
6218
6219
6220
6221
6222
6223
6224
6225
6228
6229
6230
6231
6232
6233
6235
6237
6240
6241
6243
6244
6247
6250
6252
6253
6254
6255
6256
6257
6260
6262
6263
6264
6265
6267
6268
6273
6279
6281
6284
6285
6286
6290
6292
6294
6295
6297
6300
6305
6306
6308
6310
6311
6312
6318
6320
6325
6326
6327
6330
6333
6336
6337
6338
6341
6343
6344
6346
6347
6348
6350
6351
6353
6354
6356
6357
6358
6359
6360
6362
6364
6365
6366
6367
6368
6370
6372
6373
6374
6376
6378
6380
6385
6388
6392
6397
6398
6399
6404
6405
6406
6407
6408
6410
6411
6412
6413
6414
6415
6416
6418
6419
6420
6423
6425
6426
6427
6429
6430
6432
6434
6435
6436
6437
6438
6439
6442
6444
6445
6446
6447
6448
6451
6452
6454
6455
6459
6461
6464
6467
6468
6469
6470
6475
6476
6477
6480
6483
6485
6486
6487
6489
6492
6493
6496
6499
6500
6501
6502
6505
6506
6507
6509
6511
6513
6514
6517
6520
6521
6524
6526
6527
6528
6535
6536
6537
6538
6539
6541
6543
6546
6548
6549
6550
6553
6554
6555
6557
6558
6559
6560
6563
6564
6565
6567
6568
6569
6570
6571
6572
6574
6576
6580
6585
6586
6587
6590
6591
6592
6594
6595
6596
6597
6598
6600
6601
6603
6607
6608
6609
6611
6612
6614
6616
6618
6619
6622
6624
6625
6626
6632
6633
6635
6636
6638
6641
6642
6644
6645
6646
6648
6650
6651
6652
6653
6656
6657
6661
6665
6666
6667
6668
6671
6672
6673
6674
6678
6681
6687
6688
6689
6690
6691
6692
6695
6696
6700
6701
6704
6705
6706
6707
6708
6711
6713
6714
6715
6717
6718
6720
6721
6723
6724
6725
6729
6730
6734
6739
6742
6744
6746
6749
6750
6751
6754
6755
6756
6757
6758
6760
6763
6765
6766
6769
6770
6771
6775
6776
6777
6778
6781
6782
6783
6784
6786
6787
6790
6792
6793
6794
6795
6796
6798
6799
6804
6805
6810
6811
6812
6814
6816
6817
6821
6823
6824
6826
6828
6829
6830
6831
6833
6834
6835
6836
6837
6838
6841
6843
6844
6846
6848
6851
6852
6855
6857
6859
6860
6865
6866
6867
6868
6869
6870
6871
6872
6873
6874
6880
6882
6883
6890
6891
6893
6894
6896
6897
6900
6901
6902
6904
6907
6909
6912
6913
6916
6918
6919
6920
6922
6923
6924
6925
6927
6928
6931
6932
6933
6934
6936
6939
6942
6944
6945
6946
6951
6952
6954
6957
6959
6960
6964
6965
6966
6968
6970
6973
6977
6978
6979
6980
6983
6986
6987
6988
6989
6991
6996
6997
6998
6999
7001
7002
7005
7006
7007
7008
7009
7012
7013
7016
7018
7019
7020
7021
7022
7025
7026
7028
7029
7030
7031
7032
7034
7035
7036
7037
7038
7039
7048
7049
7055
7056
7057
7060
7064
7065
7066
7068
7071
7072
7073
7074
7075
7076
7077
7078
7080
7081
7082
7083
7084
7085
7086
7088
7089
7090
7094
7095
7096
7097
7100
7101
7104
7105
7107
7108
7109
7110
7111
7114
7116
7118
7119
7120
7121
7125
7127
7128
7129
7130
7132
7135
7136
7138
7140
7141
7142
7144
7147
7148
7151
7152
7153
7156
7157
7158
7159
7160
7162
7166
7168
7169
7171
7172
7173
7175
7178
7180
7181
7184
7185
7186
7188
7191
7192
7194
7195
7196
7197
7198
7199
7200
7201
7202
7203
7204
7207
7209
7211
7213
7216
7217
7218
7223
7225
7226
7227
7228
7230
7231
7232
7233
7237
7238
7239
7240
7241
7248
7249
7250
7251
7252
7253
7255
7256
7259
7260
7261
7262
7264
7265
7266
7268
7269
7270
7271
7272
7273
7274
7275
7276
7277
7278
7280
7282
7285
7286
7288
7289
7291
7293
7295
7298
7302
7303
7309
7312
7313
7315
7318
7319
7323
7324
7325
7326
7328
7329
7330
7331
7332
7333
7334
7335
7338
7340
7344
7345
7348
7349
7350
7351
7352
7353
7354
7355
7356
7357
7359
7361
7365
7367
7368
7370
7371
7372
7375
7376
7377
7378
7379
7381
7384
7385
7386
7389
7391
7394
7395
7397
7398
7399
7401
7403
7405
7407
7408
7409
7410
7413
7414
7417
7418
7420
7423
7424
7425
7426
7427
7428
7429
7430
7431
7435
7438
7439
7440
7441
7443
7444
7445
7448
7452
7454
7455
7456
7458
7460
7463
7464
7466
7467
7470
7471
7474
7476
7479
7480
7481
7483
7484
7488
7489
7490
7491
7496
7497
7498
7500
7501
7502
7503
7505
7506
7507
7508
7510
7511
7514
7516
7517
7518
7519
7520
7523
7525
7526
7529
7530
7533
7534
7535
7536
7537
7538
7540
7541
7543
7545
7546
7548
7553
7554
7558
7559
7562
7565
7568
7571
7572
7575
7576
7577
7579
7581
7583
7584
7585
7590
7592
7593
7594
7597
7598
7600
7601
7604
7606
7607
7608
7609
7611
7612
7613
7615
7617
7618
7619
7620
7627
7628
7629
7630
7632
7633
7634
7635
7636
7638
7640
7643
7644
7645
7646
7647
7650
7651
7652
7656
7660
7665
7666
7667
7670
7671
7672
7673
7675
7677
7678
7679
7680
7683
7685
7686
7688
7690
7691
7693
7695
7697
7699
7700
7701
7704
7705
7707
7708
7712
7713
7715
7716
7719
7720
7721
7722
7723
7725
7726
7727
7729
7731
7735
7736
7737
7738
7739
7742
7743
7745
7747
7748
7749
7753
7756
7757
7761
7762
7764
7765
7769
7770
7771
7772
7773
7774
7776
7777
7778
7780
7781
7784
7785
7786
7787
7788
7790
7791
7792
7794
7795
7797
7798
7799
7800
7804
7805
7810
7811
7815
7817
7822
7823
7825
7828
7829
7830
7831
7834
7836
7837
7840
7844
7845
7849
7850
7852
7855
7856
7857
7858
7859
7860
7862
7865
7866
7867
7868
7869
7870
7873
7874
7876
7881
7885
7886
7892
7894
7895
7896
7897
7899
7900
7901
7902
7903
7904
7907
7908
7911
7913
7914
7916
7917
7919
7921
7922
7923
7924
7925
7926
7930
7932
7933
7937
7939
7940
7941
7944
7949
7950
7951
7952
7953
7954
7955
7956
7957
7958
7960
7961
7962
7963
7964
7968
7969
7970
7971
7974
7975
7980
7981
7983
7984
7988
7989
7992
7994
7996
8001
8004
8007
8009
8012
8014
8019
8021
8022
8023
8026
8029
8031
8033
8034
8036
8037
8038
8039
8040
8045
8048
8051
8053
8054
8057
8058
8060
8062
8066
8068
8070
8072
8073
8074
8077
8079
8081
8082
8083
8084
8085
8086
8087
8089
8093
8094
8097
8101
8102
8105
8108
8109
8110
8112
8114
8115
8117
8118
8119
8121
8122
8124
8125
8126
8128
8129
8130
8132
8133
8134
8137
8139
8143
8144
8145
8147
8148
8149
8151
8152
8154
8155
8156
8157
8158
8159
8160
8161
8162
8163
8166
8169
8171
8173
8175
8177
8180
8181
8183
8186
8188
8189
8192
8193
8196
8197
8198
8199
8202
8203
8204
8207
8208
8209
8213
8214
8217
8218
8219
8220
8222
8226
8227
8229
8231
8234
8236
8240
8243
8244
8246
8247
8248
8249
8250
8251
8252
8254
8256
8257
8259
8260
8261
8262
8268
8269
8270
8272
8273
8274
8278
8280
8281
8282
8285
8286
8287
8288
8292
8294
8295
8301
8303
8305
8306
8310
8311
8314
8318
8322
8323
8324
8328
8331
8332
8334
8335
8336
8338
8339
8340
8341
8342
8343
8345
8349
8352
8353
8354
8355
8362
8364
8365
8366
8367
8370
8372
8375
8377
8378
8380
8384
8385
8387
8388
8389
8390
8392
8393
8395
8396
8400
8401
8404
8406
8408
8412
8413
8414
8415
8416
8419
8420
8422
8423
8424
8425
8426
8428
8430
8432
8433
8435
8436
8438
8439
8440
8442
8443
8444
8445
8446
8449
8450
8451
8453
8454
8457
8460
8461
8463
8465
8467
8469
8471
8472
8474
8475
8476
8479
8480
8481
8482
8483
8484
8486
8487
8488
8489
8492
8494
8496
8497
8500
8501
8502
8504
8507
8510
8511
8512
8513
8515
8517
8518
8519
8520
8521
8522
8524
8527
8528
8531
8534
8536
8537
8540
8543
8545
8548
8550
8551
8552
8554
8556
8558
8562
8564
8565
8566
8567
8568
8570
8571
8573
8575
8576
8577
8579
8582
8583
8585
8586
8587
8592
8593
8595
8597
8598
8599
8600
8602
8604
8605
8606
8609
8610
8612
8613
8615
8616
8619
8620
8621
8622
8627
8629
8630
8631
8632
8633
8634
8635
8637
8639
8640
8641
8642
8643
8644
8647
8651
8653
8654
8655
8657
8659
8660
8661
8662
8666
8672
8674
8676
8677
8679
8686
8687
8689
8690
8691
8692
8693
8694
8695
8696
8697
8699
8700
8701
8704
8705
8706
8708
8710
8711
8713
8714
8717
8718
8721
8725
8726
8728
8729
8732
8733
8734
8738
8740
8741
8742
8746
8747
8749
8752
8753
8758
8759
8766
8767
8769
8770
8772
8776
8777
8778
8779
8781
8783
8786
8787
8788
8789
8791
8792
8793
8794
8795
8798
8801
8804
8805
8808
8809
8811
8812
8815
8816
8817
8820
8823
8824
8825
8826
8829
8830
8831
8832
8835
8836
8838
8839
8841
8844
8845
8850
8851
8852
8855
8860
8861
8864
8866
8868
8872
8873
8874
8876
8877
8878
8881
8884
8885
8886
8887
8890
8891
8892
8894
8895
8896
8900
8904
8905
8906
8909
8910
8911
8912
8916
8919
8920
8921
8924
8925
8926
8928
8929
8930
8933
8934
8940
8941
8942
8943
8944
8945
8946
8947
8948
8952
8954
8955
8956
8957
8958
8960
8961
8962
8965
8969
8970
8972
8974
8975
8976
8977
8978
8979
8980
8981
8982
8983
8984
8986
8987
8988
8989
8995
8996
8998
8999
9004
9007
9009
9010
9012
9013
9014
9016
9017
9021
9022
9026
9029
9032
9033
9034
9035
9037
9039
9043
9044
9045
9046
9047
9048
9051
9052
9053
9054
9056
9058
9060
9062
9064
9065
9066
9067
9069
9070
9071
9072
9074
9075
9077
9078
9081
9082
9085
9086
9087
9088
9089
9091
9092
9093
9098
9099
9100
9101
9104
9106
9107
9108
9110
9111
9114
9117
9120
9121
9122
9123
9124
9126
9127
9129
9132
9133
9134
9135
9138
9139
9141
9142
9143
9144
9145
9147
9149
9152
9153
9154
9155
9157
9160
9165
9171
9172
9175
9176
9177
9180
9183
9186
9187
9189
9190
9191
9192
9193
9194
9197
9198
9199
9201
9203
9204
9205
9206
9207
9215
9217
9220
9223
9224
9225
9228
9230
9233
9234
9235
9236
9237
9238
9239
9240
9241
9243
9248
9249
9250
9252
9253
9258
9259
9261
9264
9267
9270
9273
9274
9276
9277
9282
9283
9284
9285
9286
9287
9288
9290
9298
9300
9303
9306
9307
9308
9311
9313
9314
9315
9316
9320
9326
9327
9328
9329
9330
9332
9333
9334
9335
9340
9343
9345
9346
9347
9348
9350
9351
9352
9353
9354
9356
9358
9359
9361
9363
9364
9366
9367
9368
9369
9372
9375
9377
9378
9380
9381
9382
9385
9388
9389
9396
9399
9401
9402
9403
9404
9406
9407
9408
9409
9416
9417
9418
9419
9420
9421
9422
9424
9429
9431
9432
9433
9435
9436
9437
9438
9439
9440
9441
9443
9448
9450
9453
9455
9456
9457
9459
9460
9461
9462
9467
9468
9470
9471
9472
9476
9477
9478
9479
9480
9481
9482
9483
9485
9489
9490
9491
9497
9500
9502
9503
9504
9506
9507
9509
9510
9512
9515
9517
9518
9519
9521
9523
9524
9525
9527
9528
9529
9530
9531
9532
9534
9536
9537
9538
9540
9543
9544
9547
9548
9551
9552
9553
9555
9556
9557
9558
9559
9560
9562
9563
9564
9565
9566
9567
9574
9575
9576
9577
9579
9580
9581
9583
9584
9587
9590
9594
9596
9599
9600
9601
9602
9604
9606
9607
9608
9616
9619
9620
9622
9623
9624
9625
9626
9627
9629
9630
9634
9640
9642
9643
9645
9646
9648
9652
9653
9654
9655
9656
9657
9658
9660
9661
9662
9664
9665
9668
9670
9673
9676
9679
9681
9682
9684
9687
9693
9695
9696
9697
9698
9700
9703
9704
9705
9707
9708
9710
9711
9712
9714
9715
9716
9718
9720
9722
9725
9726
9729
9732
9735
9738
9739
9740
9745
9747
9748
9751
9753
9754
9755
9757
9763
9766
9769
9770
9772
9773
9774
9775
9776
9778
9780
9781
9784
9786
9787
9788
9791
9794
9797
9800
9801
9804
9805
9806
9807
9808
9809
9812
9813
9814
9815
9816
9817
9819
9820
9821
9823
9825
9832
9833
9835
9836
9837
9842
9844
9845
9847
9848
9851
9857
9859
9861
9865
9866
9867
9869
9870
9871
9872
9873
9877
9883
9885
9886
9887
9891
9892
9893
9894
9895
9896
9898
9899
9900
9901
9903
9907
9908
9909
9910
9911
9912
9913
9916
9922
9923
9924
9926
9927
9928
9930
9931
9932
9933
9934
9935
9936
9937
9938
9941
9943
9945
9946
9948
9949
9950
9953
9954
9955
9958
9960
9961
9964
9965
9967
9968
9970
9973
9975
9976
9977
9979
9980
9982
9986
9987
9994
9997
9999
